Unnamed: 0
SMILES
10565946
26234434
26892922
124121423
136820377
145479508
172238518
616235348
859799282
861569459
864662311
864942730
951226070
1091340519
1135998617
1153643548
1429883190
1583930800
2076370963
2092489639
2117068077
2132511834
2142032900
2154777022
2245273601
2245384272
2246728737
2423543607
2557045420
2617658656
2629723425
2803848648
2905660137
2921282535
2968968094
2976033787
3182177290
3217380708
3218693969
3510196525
3537119515
3561911803
3599139274
3624258493
3791102067
3925172229
4121755354
4258313537
864674487
1352399629
1646750527
2076190208
2600407851
2944555726
3162837314
3975275337
418217251
2336221736
98513984
116233735
171200514
228862830
255555954
315042011
332190761
362715007
435232729
533913530
620746861
671963956
672705064
691140721
739682264
831463242
847874488
868515887
895910141
974827889
1023190685
1182622762
1259710714
1263489154
1500549366
1506563592
1510328189
1542633699
1610231850
1824088295
1858577693
1899454565
1936501734
1937065452
1973239193
2015089002
2246699815
2286057900
2349186807
2600914516
2763854213
3177362943
3234104871
3542456614
3657471097
3754447393
3796359118
3990065839
3999906991
4005047778
4054478539
4061639793
4135603861
4185059831
413223388
722584171
1029490013
1543673875
2236928126
2439985312
3066060348
4086993724
68510936
476996268
1850082398
2285982675
2619035095
3265157389
3343299820
3471530877
3568403107
3842808592
209102509
733482150
887210709
1475860838
1639123344
1849554589
2296472028
2513428378
2964270030
3422371934
4171161072
195519885
502069332
3166793225
3223641726
3417240641
3942408636
543222453
999064904
1586912049
1851102860
2510215966
2569505684
2861444043
3958699597
1154613201
2506808518
3518601965
34973992
135980867
225743356
292553014
1221853512
1691139187
2245277810
2383616631
2817491392
3026723339
3129492592
3537123720
2803656188
1593981891
3210902418
3974231322
106221268
847961216
919730633
1362518133
2198820481
2361265913
2435472948
2806018737
3284700855
3614376044
3760310121
3985977119
4066851934
4113888967
202916677
1368548858
1582607016
2259647190
2299784278
2333272823
2666857930
2922629646
4222851645
4223976160
1315422382
9283401
728191355
1276993226
1728367376
1779856336
3849694352
1026844173
3543092982
3454070996
3710083634
4205253288
812364856
2655797782
637990950
4274218078
487554892
599403652
1465027698
3090536686
3713220515
683531422
74537039
126922231
486099496
848128881
1227311478
2548858491
2637439965
2939120473
2941064859
3081855728
3434946433
3790249320
3802424544
3818546315
3961613636
4068417039
4105069056
388590446
1011638692
1682575108
1122606090
1796784588
2679318282
3949371022
3293072672
1422820404
349333326
2562034006
389405920
1173125914
1667185460
1923187777
2253241855
2257970297
2520694957
2990022506
3032730626
264974063
642423645
1299850572
2251845666
2435139611
3401480293
298655036
62036279
2803974257
3055801665
3486434583
463725066
1472261735
1554386778
1709143017
1861965050
2556960203
2809361097
2976816164
3727977332
3776731016
162615323
178880401
376964140
970433791
1048103838
1864088443
2187394687
1342243296
1296639348
3359851903
319065074
443932914
900670219
962042210
1477260636
1489441250
1566532072
2078496889
2211527187
2512623809
3035707521
177037033
625203632
1304011695
1506044609
2056290811
3004333805
3998324524
4116239855
717512901
773709216
840036165
962558110
1746855463
2355616982
3113285448
4266419030
3790747011
578581093
592655526
1149081982
1511301995
2732971049
3136829774
3315826729
3908144125
3937623286
3979123466
454386650
1742403229
3443384129
3956446660
2191753927
2724223407
2191273952
2469209499
3041753046
8819703
75453643
1355146676
1535166686
1546315449
2766802430
3153477100
3438524559
4052759152
1734651477
3579636104
1475008087
3556458277
2909286503
4244513532
459644830
1210031551
1532065445
1843023231
2624572154
584893129
1100037548
1840891614
2041434490
2492326091
2548737760
2654043257
2697110228
2752034647
3099695679
3135357859
4078658161
431195058
603510687
792395841
912632640
1510461303
1911799429
3121777292
3296404462
3527795022
3892941493
428211967
851463431
1167322652
1533864325
3791474057
4278941385
30847517
259012686
787069595
828793177
847336149
1640327018
2464834696
2516197204
3191663490
3644941081
3725338750
3823506351
3824063894
229689989
664514779
1153219603
1349404210
1821698485
3118255683
3776905034
3777168895
1884205411
640467447
999334238
1680418225
1789200865
2228063684
2747309912
3323595790
3835273908
847957139
2231929377
2591432844
2845396584
3328145258
691550232
994637429
3012678540
4075407269
882399112
994485099
1105522239
1296763707
1857396528
2549196227
3026394695
3253890070
3337745083
4289710588
54936104
324017337
1880637161
2613287784
3263414708
3351556771
3924030751
4002921318
4179862704
2631946205
2865051177
3053435464
158131874
1819624857
2017861928
2803933112
2805556976
3357649128
2617884929
207532733
420250519
2069554862
3594356142
161963127
1685248591
3745584548
2681547686
298641253
485463469
714937823
729880133
1342596238
2557870303
3681550180
2405395912
1018838551
2227589528
2221177404
2405469776
851457696
3512548495
3624155
1328820125
1882855093
3120784405
325288937
1199016914
1016841875
2246340824
2594220197
3084241488
3452535345
3692055567
3851139797
476060908
1312131881
2649902721
3880022399
3933537673
250069224
410564695
440332323
658484419
792059798
1465831105
1761226683
2246997334
2353112200
2620570958
2859927339
2912782822
4216335232
1357053268
2115900178
2193010371
2462193035
2984966880
1759447551
1876820278
2990427945
1563920313
1767578228
819348444
313886753
840203949
2900332457
136366266
218474789
257851290
570697228
694069322
2857020831
3256540523
3458774156
3808467027
3869579337
3917110960
1725926809
1137257965
2931931154
4050506692
2519782176
4266350331
278982149
1165033750
1371058019
1669150792
3070082220
416356657
725338437
938682648
945676240
977968154
1493568595
1618787606
1693331843
2493441184
2520548245
2687380476
2832976762
3093093703
3250752516
3554022385
3852169147
4018142848
253943994
420313914
530246988
736731344
756195460
1506997381
1738749468
2246703798
3151090407
3411158823
3545353036
4192848528
136898406
387470750
851388604
1094481266
2664995851
2807496773
3361036710
3500675159
3545365497
120227619
754070472
926215114
983355593
1832166518
2697642734
3189457552
3494969679
3734715912
4125474061
4134963779
535847852
1074692693
2431977694
3386923882
3600182528
3696402029
198706261
1674219510
1938148512
2530699624
2910193141
3733225612
251572710
1067305901
1796949772
1941435097
2446226638
2622203509
3017093914
3940722196
2659946288
3274740836
182368428
846389719
201909297
436320159
556644224
649783886
1229503715
1236995907
3163918268
3368518709
3717074071
160833543
1227140907
1542186056
2938855271
3367021798
3633871952
879991868
1332891048
1542631284
1711656516
1732656896
1868603209
3714262385
1522500086
1688613559
3629532527
29980705
64070612
290131184
566991378
606428793
616028266
725989254
808502657
1081516635
1101907775
1179947837
1201986521
1433605055
1613326483
1792562719
1824882769
2137775288
2427491904
2448776568
2557815939
2640800466
2984384086
3165440696
3751927594
3971391891
4118614685
4143053669
145374537
702983056
739041005
943493779
1163961985
1888311577
2833733247
2975116251
2975117579
3011598321
3373553208
4111109073
256268601
376365581
545673003
1150371847
1193482089
1323467736
2296493092
2850656190
3553818046
3982076256
4232722574
1440178910
2001655869
2206049037
3785759329
4114643730
166267186
266675433
273384971
424376859
756630393
1228528465
1329569703
1362425715
1480360216
1515236937
1626006320
2196920959
2285529321
2505275836
2539132284
2614150744
2710865488
2947041995
2985339471
3148289749
3153314290
3278113379
3344893792
3561158239
3652493824
3762914958
4284762680
329402346
357133124
1863062172
2029541916
2200479534
3427385077
139410761
240657859
422715066
1108466842
1871221615
2446961558
2857652525
2923431096
3097774122
3124594408
3789272704
4108485873
363581056
3947895243
1473553672
2408144161
1260825668
2459449307
3618079228
2780682140
486804904
696215122
1827164864
2736041909
3347527615
4005321943
3154452204
1643384622
3046757900
112646537
130407257
2296565457
2360741695
2720313463
3203419929
3379825945
3465572414
3585958780
3684013815
3976623167
4258265114
787341104
2150151661
2592785365
3203925050
136568311
2078687006
2218597198
3599391724
147137182
273775853
539342534
790061372
1090580092
1343001687
1919627276
2433460081
2567448763
3841371144
3850913941
3931877381
4197146180
2443152403
776257184
106928295
1754718872
1824348153
2058141223
2222621677
3020671217
3183067622
3186387029
3764854254
4008337421
1220945992
2089117413
2559037814
2923200147
317980364
3087437574
3200751652
422165373
2405245879
3272800686
717151242
910450790
2115476908
2498219816
4256524850
540815687
572760528
1255626466
2160384926
2434373675
2829911199
3660177687
3903408069
866454627
1156796571
1897140415
3524145956
1730555933
1924383628
2409787606
3032379662
3113931353
3249398244
1033192140
1257718710
2070155444
3203709451
3888780669
263215426
2126281302
3157481675
3869736299
2258843522
2686976530
3578300403
4234407427
1619222458
2060762800
2814583100
3015597387
3973453473
4124816841
310388129
619920801
1222631225
1634606847
4047334924
4055698890
2604440622
3848534832
847307936
368531313
423609967
465304290
738150152
1078211001
2213350725
2250143559
2812398603
2914536168
2915268074
454692130
602262358
791694238
1739267982
2008972524
3376021752
3460898310
3670891170
3817807868
3819516164
4251961457
188887117
571978829
792938880
1018416025
1193201418
1216095805
1957562443
2257004315
2530048747
2954843927
3828912422
4089138501
144568923
195764383
1362202978
1505143556
2033915459
2203904776
2315656524
2514558239
2607304338
3206820996
4008346814
258975558
565690435
1026928756
1078276907
1271691605
2113210395
2401082571
2573169708
2821968031
3598698981
1317812784
2387873192
2455017113
2504564369
2811394787
3872328556
135118607
417016252
1805184970
1052220060
1627482410
2221554746
3772462681
493191496
1313967653
1530636652
2238082208
2297887526
2331740049
3417531975
3724876250
3983062349
89961214
589045442
1530134232
2646219661
3248686995
3443041413
3612926680
3632350815
1372932663
1558658757
2623014452
132112292
1024714809
1176776994
1245845643
2747850234
3230162099
4239037249
173416422
211756454
967556133
1240661251
1329401632
1451562575
1476168071
1583799011
1625823946
1823304278
2070976245
2346087246
2789440569
2847919965
3734547573
3795525628
3921298496
4166269818
880113996
1005904556
1477870366
1621884272
1978844073
3764506949
239471266
262122284
883941370
947555750
2198729764
2807475527
2849974150
2880644171
3113965619
3115288614
3328814659
4004502706
784545148
999387118
1627353882
2309598161
1070957236
1266899910
1529964192
2765300781
3749861528
1012781029
4064527159
3905324771
3806400189
119974412
404686589
693389475
1032883910
1638952647
1798818247
2424530656
2432795873
3131954829
3498397883
2554309873
540046244
1204922169
2072239802
2222715027
2440810330
2474447020
3090652201
3155798067
3179791401
3430497237
3994088662
4134516847
4145295386
1685048508
2129394510
4159057049
618223060
922773938
1437603430
2988884903
3726304495
3963784935
375116413
3734461283
1396246542
2154935424
2890522819
3739667560
4194366826
2683990663
3158641607
411967733
1648681691
2263198940
3118635600
77081066
958023458
1031804877
2874278057
4223108416
554114553
828869727
1399127774
1790713700
2018750737
2458439939
2571815057
3073555453
3158547082
3692639477
3756615259
535405122
540249367
2766933775
3796925034
4139077556
651574078
1995194447
2357755114
2671359279
1280488931
2481992706
2530507817
3014398899
3205551362
386092920
3226469906
240261688
3070749593
2942543098
3317330686
4145038953
2220030087
2014255590
2683346909
2877019350
3358702130
544755086
1754248939
2211722524
2778272780
1055865324
1546709109
2834566420
4029523189
321337029
692937184
1002470375
2470301228
3829595390
1046990583
1567593276
2850339349
1862147505
2379916355
3556997752
2470978638
2514022533
572055126
649517798
1718973557
3027150250
3612254797
997744218
1938643761
348692257
1228815484
2665582005
2721899057
3567768060
1001435849
460073430
2095932647
2256027930
3481396921
3817695645
3818832575
2371792739
1338498024
1330765054
1772302809
2009224774
179836431
455395032
569698509
1189346528
3486224832
3676717678
3935669874
4074317290
66716093
307467880
677767395
692341536
1005219916
1022182909
1047677647
1689898788
2783923027
3111783364
4008506203
388280008
1064100448
2924850383
3371469610
3705519599
869537072
959655610
3144056542
669251525
2875941438
155101632
555825616
3148713667
19852674
118059098
636182019
1193093651
1637836422
3727960280
1887476361
1898088385
3757038672
271903915
848127915
864942795
1428903162
2378775366
2378779377
2857220865
3268335377
4104822550
229197718
921927040
1649405921
2592252298
3673190411
4120224926
836552221
2447221513
1745856684
4023654873
4107532493
2928189495
4052672794
831248902
1737619370
1811158725
2104632475
2737839182
2844525431
3145023872
4194776273
44168180
255010933
4289951152
34250715
1316336783
2465999224
4006278292
1150622692
2270589688
4104367057
674980533
1465172248
2340612692
576811902
613946594
722467535
849275503
1302193989
1494384557
1656297047
1677059031
1746619433
1919136032
2242149924
2438720939
2488692798
2557261249
2669055056
2786248492
3093061208
3358503999
3372400797
3621838618
3941295314
4046080357
4120915254
35879126
425564979
959326221
1166716802
1893161965
2518745553
2619963163
3991745169
1628157412
720850824
1360035982
1813855416
2065735937
2896890434
225867900
2818791884
3823427984
4082179883
4211045964
1414531204
2364298021
1302387242
MaxAbsEStateIndex
MaxEStateIndex
MinAbsEStateIndex
MinEStateIndex
qed
SPS
MolWt
HeavyAtomMolWt
ExactMolWt
NumValenceElectrons
NumRadicalElectrons
MaxPartialCharge
MinPartialCharge
MaxAbsPartialCharge
MinAbsPartialCharge
FpDensityMorgan1
FpDensityMorgan2
FpDensityMorgan3
BCUT2D_MWHI
BCUT2D_MWLOW
BCUT2D_CHGHI
BCUT2D_CHGLO
BCUT2D_LOGPHI
BCUT2D_LOGPLOW
BCUT2D_MRHI
BCUT2D_MRLOW
AvgIpc
BalabanJ
BertzCT
Chi0
Chi0n
Chi0v
Chi1
Chi1n
Chi1v
Chi2n
Chi2v
Chi3n
Chi3v
Chi4n
Chi4v
HallKierAlpha
Ipc
Kappa1
Kappa2
Kappa3
LabuteASA
PEOE_VSA1
PEOE_VSA10
PEOE_VSA11
PEOE_VSA12
PEOE_VSA13
PEOE_VSA14
PEOE_VSA2
PEOE_VSA3
PEOE_VSA4
PEOE_VSA5
PEOE_VSA6
PEOE_VSA7
PEOE_VSA8
PEOE_VSA9
SMR_VSA1
SMR_VSA10
SMR_VSA2
SMR_VSA3
SMR_VSA4
SMR_VSA5
SMR_VSA6
SMR_VSA7
SMR_VSA8
SMR_VSA9
SlogP_VSA1
SlogP_VSA10
SlogP_VSA11
SlogP_VSA12
SlogP_VSA2
SlogP_VSA3
SlogP_VSA4
SlogP_VSA5
SlogP_VSA6
SlogP_VSA7
SlogP_VSA8
SlogP_VSA9
TPSA
EState_VSA1
EState_VSA10
EState_VSA11
EState_VSA2
EState_VSA3
EState_VSA4
EState_VSA5
EState_VSA6
EState_VSA7
EState_VSA8
EState_VSA9
VSA_EState1
VSA_EState10
VSA_EState2
VSA_EState3
VSA_EState4
VSA_EState5
VSA_EState6
VSA_EState7
VSA_EState8
VSA_EState9
FractionCSP3
HeavyAtomCount
NHOHCount
NOCount
NumAliphaticCarbocycles
NumAliphaticHeterocycles
NumAliphaticRings
NumAromaticCarbocycles
NumAromaticHeterocycles
NumAromaticRings
NumHAcceptors
NumHDonors
NumHeteroatoms
NumRotatableBonds
NumSaturatedCarbocycles
NumSaturatedHeterocycles
NumSaturatedRings
RingCount
MolLogP
MolMR
fr_Al_COO
fr_Al_OH
fr_Al_OH_noTert
fr_ArN
fr_Ar_COO
fr_Ar_N
fr_Ar_NH
fr_Ar_OH
fr_COO
fr_COO2
fr_C_O
fr_C_O_noCOO
fr_C_S
fr_HOCCN
fr_Imine
fr_NH0
fr_NH1
fr_NH2
fr_N_O
fr_Ndealkylation1
fr_Ndealkylation2
fr_Nhpyrrole
fr_SH
fr_aldehyde
fr_alkyl_carbamate
fr_alkyl_halide
fr_allylic_oxid
fr_amide
fr_amidine
fr_aniline
fr_aryl_methyl
fr_azide
fr_azo
fr_barbitur
fr_benzene
fr_benzodiazepine
fr_bicyclic
fr_diazo
fr_dihydropyridine
fr_epoxide
fr_ester
fr_ether
fr_furan
fr_guanido
fr_halogen
fr_hdrzine
fr_hdrzone
fr_imidazole
fr_imide
fr_isocyan
fr_isothiocyan
fr_ketone
fr_ketone_Topliss
fr_lactam
fr_lactone
fr_methoxy
fr_morpholine
fr_nitrile
fr_nitro
fr_nitro_arom
fr_nitro_arom_nonortho
fr_nitroso
fr_oxazole
fr_oxime
fr_para_hydroxylation
fr_phenol
fr_phenol_noOrthoHbond
fr_phos_acid
fr_phos_ester
fr_piperdine
fr_piperzine
fr_priamide
fr_prisulfonamd
fr_pyridine
fr_quatN
fr_sulfide
fr_sulfonamd
fr_sulfone
fr_term_acetylene
fr_tetrazole
fr_thiazole
fr_thiocyan
fr_thiophene
fr_unbrch_alkane
fr_urea
WHIM_0
WHIM_1
WHIM_2
WHIM_3
WHIM_4
WHIM_5
WHIM_6
WHIM_7
WHIM_8
WHIM_9
WHIM_10
WHIM_11
WHIM_12
WHIM_13
WHIM_14
WHIM_15
WHIM_16
WHIM_17
WHIM_18
WHIM_19
WHIM_20
WHIM_21
WHIM_22
WHIM_23
WHIM_24
WHIM_25
WHIM_26
WHIM_27
WHIM_28
WHIM_29
WHIM_30
WHIM_31
WHIM_32
WHIM_33
WHIM_34
WHIM_35
WHIM_36
WHIM_37
WHIM_38
WHIM_39
WHIM_40
WHIM_41
WHIM_42
WHIM_43
WHIM_44
WHIM_45
WHIM_46
WHIM_47
WHIM_48
WHIM_49
WHIM_50
WHIM_51
WHIM_52
WHIM_53
WHIM_54
WHIM_55
WHIM_56
WHIM_57
WHIM_58
WHIM_59
WHIM_60
WHIM_61
WHIM_62
WHIM_63
WHIM_64
WHIM_65
WHIM_66
WHIM_67
WHIM_68
WHIM_69
WHIM_70
WHIM_71
WHIM_72
WHIM_73
WHIM_74
WHIM_75
WHIM_76
WHIM_77
WHIM_78
WHIM_79
WHIM_80
WHIM_81
WHIM_82
WHIM_83
WHIM_84
WHIM_85
WHIM_86
WHIM_87
WHIM_88
WHIM_89
WHIM_90
WHIM_91
WHIM_92
WHIM_93
WHIM_94
WHIM_95
WHIM_96
WHIM_97
WHIM_98
WHIM_99
WHIM_100
WHIM_101
WHIM_102
WHIM_103
WHIM_104
WHIM_105
WHIM_106
WHIM_107
WHIM_108
WHIM_109
WHIM_110
WHIM_111
WHIM_112
WHIM_113